%YAML:1.0
image_width: 640
image_height: 480
camera_matrix: !!opencv-matrix
   rows: 3
   cols: 3
   dt: d
   data: [ 2.4502050390571495e+002, 0., 2.9866065495869600e+002, 0.,
       2.4100162559771937e+002, 2.8995072131270064e+002, 0., 0., 1. ]
distortion_coefficients: !!opencv-matrix
   rows: 1
   cols: 5
   dt: d
   data: [ 2.1031633473339615e-002, -6.4383610140544612e-002,
       -8.3857692537061008e-003, -1.8953046974878403e-003,
       1.5850382732624780e-002 ]
